343
1 1 1 
1 1 2 
1 1 3 
1 1 4 
1 1 5 
1 1 6 
1 1 7 
1 2 1 
1 2 2 
1 2 3 
1 2 4 
1 2 5 
1 2 6 
1 2 7 
1 3 1 
1 3 2 
1 3 3 
1 3 4 
1 3 5 
1 3 6 
1 3 7 
1 4 1 
1 4 2 
1 4 3 
1 4 4 
1 4 5 
1 4 6 
1 4 7 
1 5 1 
1 5 2 
1 5 3 
1 5 4 
1 5 5 
1 5 6 
1 5 7 
1 6 1 
1 6 2 
1 6 3 
1 6 4 
1 6 5 
1 6 6 
1 6 7 
1 7 1 
1 7 2 
1 7 3 
1 7 4 
1 7 5 
1 7 6 
1 7 7 
2 1 1 
2 1 2 
2 1 3 
2 1 4 
2 1 5 
2 1 6 
2 1 7 
2 2 1 
2 2 2 
2 2 3 
2 2 4 
2 2 5 
2 2 6 
2 2 7 
2 3 1 
2 3 2 
2 3 3 
2 3 4 
2 3 5 
2 3 6 
2 3 7 
2 4 1 
2 4 2 
2 4 3 
2 4 4 
2 4 5 
2 4 6 
2 4 7 
2 5 1 
2 5 2 
2 5 3 
2 5 4 
2 5 5 
2 5 6 
2 5 7 
2 6 1 
2 6 2 
2 6 3 
2 6 4 
2 6 5 
2 6 6 
2 6 7 
2 7 1 
2 7 2 
2 7 3 
2 7 4 
2 7 5 
2 7 6 
2 7 7 
3 1 1 
3 1 2 
3 1 3 
3 1 4 
3 1 5 
3 1 6 
3 1 7 
3 2 1 
3 2 2 
3 2 3 
3 2 4 
3 2 5 
3 2 6 
3 2 7 
3 3 1 
3 3 2 
3 3 3 
3 3 4 
3 3 5 
3 3 6 
3 3 7 
3 4 1 
3 4 2 
3 4 3 
3 4 4 
3 4 5 
3 4 6 
3 4 7 
3 5 1 
3 5 2 
3 5 3 
3 5 4 
3 5 5 
3 5 6 
3 5 7 
3 6 1 
3 6 2 
3 6 3 
3 6 4 
3 6 5 
3 6 6 
3 6 7 
3 7 1 
3 7 2 
3 7 3 
3 7 4 
3 7 5 
3 7 6 
3 7 7 
4 1 1 
4 1 2 
4 1 3 
4 1 4 
4 1 5 
4 1 6 
4 1 7 
4 2 1 
4 2 2 
4 2 3 
4 2 4 
4 2 5 
4 2 6 
4 2 7 
4 3 1 
4 3 2 
4 3 3 
4 3 4 
4 3 5 
4 3 6 
4 3 7 
4 4 1 
4 4 2 
4 4 3 
4 4 4 
4 4 5 
4 4 6 
4 4 7 
4 5 1 
4 5 2 
4 5 3 
4 5 4 
4 5 5 
4 5 6 
4 5 7 
4 6 1 
4 6 2 
4 6 3 
4 6 4 
4 6 5 
4 6 6 
4 6 7 
4 7 1 
4 7 2 
4 7 3 
4 7 4 
4 7 5 
4 7 6 
4 7 7 
5 1 1 
5 1 2 
5 1 3 
5 1 4 
5 1 5 
5 1 6 
5 1 7 
5 2 1 
5 2 2 
5 2 3 
5 2 4 
5 2 5 
5 2 6 
5 2 7 
5 3 1 
5 3 2 
5 3 3 
5 3 4 
5 3 5 
5 3 6 
5 3 7 
5 4 1 
5 4 2 
5 4 3 
5 4 4 
5 4 5 
5 4 6 
5 4 7 
5 5 1 
5 5 2 
5 5 3 
5 5 4 
5 5 5 
5 5 6 
5 5 7 
5 6 1 
5 6 2 
5 6 3 
5 6 4 
5 6 5 
5 6 6 
5 6 7 
5 7 1 
5 7 2 
5 7 3 
5 7 4 
5 7 5 
5 7 6 
5 7 7 
6 1 1 
6 1 2 
6 1 3 
6 1 4 
6 1 5 
6 1 6 
6 1 7 
6 2 1 
6 2 2 
6 2 3 
6 2 4 
6 2 5 
6 2 6 
6 2 7 
6 3 1 
6 3 2 
6 3 3 
6 3 4 
6 3 5 
6 3 6 
6 3 7 
6 4 1 
6 4 2 
6 4 3 
6 4 4 
6 4 5 
6 4 6 
6 4 7 
6 5 1 
6 5 2 
6 5 3 
6 5 4 
6 5 5 
6 5 6 
6 5 7 
6 6 1 
6 6 2 
6 6 3 
6 6 4 
6 6 5 
6 6 6 
6 6 7 
6 7 1 
6 7 2 
6 7 3 
6 7 4 
6 7 5 
6 7 6 
6 7 7 
7 1 1 
7 1 2 
7 1 3 
7 1 4 
7 1 5 
7 1 6 
7 1 7 
7 2 1 
7 2 2 
7 2 3 
7 2 4 
7 2 5 
7 2 6 
7 2 7 
7 3 1 
7 3 2 
7 3 3 
7 3 4 
7 3 5 
7 3 6 
7 3 7 
7 4 1 
7 4 2 
7 4 3 
7 4 4 
7 4 5 
7 4 6 
7 4 7 
7 5 1 
7 5 2 
7 5 3 
7 5 4 
7 5 5 
7 5 6 
7 5 7 
7 6 1 
7 6 2 
7 6 3 
7 6 4 
7 6 5 
7 6 6 
7 6 7 
7 7 1 
7 7 2 
7 7 3 
7 7 4 
7 7 5 
7 7 6 
7 7 7 
204041444647727894832322663397251900658245332324390400529489242223120675094188773114043975799743992919578121862904221538707624613539651617735241304823433436143266461705767566584680005983534555108566627714057772167106506278461879916565954729928846028000454704474107577615388226190068321524291467011878325877132356129908197680574487841393438405895672964096092783542137458755938126723479967598884044727550474402522264572563730271549684118667663915926753884781245932247800208523136927533775595342210049945491110284451604187735397616527464845239386084578367781811330601019717014971878449223769083849020700195533187250240612211539806462750071193600000000000000000000000000000000000000000000000000000000000000000000000000000000000 : 204041444647727894832322663397251900658245332324390400529489242223120675094188773114043975799743992919578121862904221538707624613539651617735241304823433436143266461705767566584680005983534555108566627714057772167106506278461879916565954729928846028000454704474107577615388226190068321524291467011878325877132356129908197680574487841393438405895672964096092783542137458755938126723479967598884044727550474402522264572563730271549684118667663915926753884781245932247800208523136927533775595342210049945491110284451604187735397616527464845239386084578367781811330601019717014971878449223769083849020700195533187250240612211539806462750071193600000000000000000000000000000000000000000000000000000000000000000000000000000000000

126
1 1 1 1 
1 1 1 2 
1 1 1 3 
1 1 1 4 
1 1 1 5 
1 1 1 6 
1 1 2 2 
1 1 2 3 
1 1 2 4 
1 1 2 5 
1 1 2 6 
1 1 3 3 
1 1 3 4 
1 1 3 5 
1 1 3 6 
1 1 4 4 
1 1 4 5 
1 1 4 6 
1 1 5 5 
1 1 5 6 
1 1 6 6 
1 2 2 2 
1 2 2 3 
1 2 2 4 
1 2 2 5 
1 2 2 6 
1 2 3 3 
1 2 3 4 
1 2 3 5 
1 2 3 6 
1 2 4 4 
1 2 4 5 
1 2 4 6 
1 2 5 5 
1 2 5 6 
1 2 6 6 
1 3 3 3 
1 3 3 4 
1 3 3 5 
1 3 3 6 
1 3 4 4 
1 3 4 5 
1 3 4 6 
1 3 5 5 
1 3 5 6 
1 3 6 6 
1 4 4 4 
1 4 4 5 
1 4 4 6 
1 4 5 5 
1 4 5 6 
1 4 6 6 
1 5 5 5 
1 5 5 6 
1 5 6 6 
1 6 6 6 
2 2 2 2 
2 2 2 3 
2 2 2 4 
2 2 2 5 
2 2 2 6 
2 2 3 3 
2 2 3 4 
2 2 3 5 
2 2 3 6 
2 2 4 4 
2 2 4 5 
2 2 4 6 
2 2 5 5 
2 2 5 6 
2 2 6 6 
2 3 3 3 
2 3 3 4 
2 3 3 5 
2 3 3 6 
2 3 4 4 
2 3 4 5 
2 3 4 6 
2 3 5 5 
2 3 5 6 
2 3 6 6 
2 4 4 4 
2 4 4 5 
2 4 4 6 
2 4 5 5 
2 4 5 6 
2 4 6 6 
2 5 5 5 
2 5 5 6 
2 5 6 6 
2 6 6 6 
3 3 3 3 
3 3 3 4 
3 3 3 5 
3 3 3 6 
3 3 4 4 
3 3 4 5 
3 3 4 6 
3 3 5 5 
3 3 5 6 
3 3 6 6 
3 4 4 4 
3 4 4 5 
3 4 4 6 
3 4 5 5 
3 4 5 6 
3 4 6 6 
3 5 5 5 
3 5 5 6 
3 5 6 6 
3 6 6 6 
4 4 4 4 
4 4 4 5 
4 4 4 6 
4 4 5 5 
4 4 5 6 
4 4 6 6 
4 5 5 5 
4 5 5 6 
4 5 6 6 
4 6 6 6 
5 5 5 5 
5 5 5 6 
5 5 6 6 
5 6 6 6 
6 6 6 6 
23721732428800468856771473051394170805702085973808045661837377170052497697783313457227249544076486314839447086187187275319400401837013955325179315652376928996065123321190898603130880000000000000000000000000000000 : 23721732428800468856771473051394170805702085973808045661837377170052497697783313457227249544076486314839447086187187275319400401837013955325179315652376928996065123321190898603130880000000000000000000000000000000

9
1 1 
1 2 
1 3 
2 1 
2 2 
2 3 
3 1 
3 2 
3 3 
362880 : 362880

10000000000
27
1 1 1 
1 1 2 
1 1 3 
1 2 1 
1 2 2 
1 2 3 
1 3 1 
1 3 2 
1 3 3 
2 1 1 
2 1 2 
2 1 3 
2 2 1 
2 2 2 
2 2 3 
2 3 1 
2 3 2 
2 3 3 
3 1 1 
3 1 2 
3 1 3 
3 2 1 
3 2 2 
3 2 3 
3 3 1 
3 3 2 
3 3 3 
10888869450418352160768000000 : 10888869450418352160768000000

120
1 2 3 4 5 
1 2 3 5 4 
1 2 4 3 5 
1 2 4 5 3 
1 2 5 3 4 
1 2 5 4 3 
1 3 2 4 5 
1 3 2 5 4 
1 3 4 2 5 
1 3 4 5 2 
1 3 5 2 4 
1 3 5 4 2 
1 4 2 3 5 
1 4 2 5 3 
1 4 3 2 5 
1 4 3 5 2 
1 4 5 2 3 
1 4 5 3 2 
1 5 2 3 4 
1 5 2 4 3 
1 5 3 2 4 
1 5 3 4 2 
1 5 4 2 3 
1 5 4 3 2 
2 1 3 4 5 
2 1 3 5 4 
2 1 4 3 5 
2 1 4 5 3 
2 1 5 3 4 
2 1 5 4 3 
2 3 1 4 5 
2 3 1 5 4 
2 3 4 1 5 
2 3 4 5 1 
2 3 5 1 4 
2 3 5 4 1 
2 4 1 3 5 
2 4 1 5 3 
2 4 3 1 5 
2 4 3 5 1 
2 4 5 1 3 
2 4 5 3 1 
2 5 1 3 4 
2 5 1 4 3 
2 5 3 1 4 
2 5 3 4 1 
2 5 4 1 3 
2 5 4 3 1 
3 1 2 4 5 
3 1 2 5 4 
3 1 4 2 5 
3 1 4 5 2 
3 1 5 2 4 
3 1 5 4 2 
3 2 1 4 5 
3 2 1 5 4 
3 2 4 1 5 
3 2 4 5 1 
3 2 5 1 4 
3 2 5 4 1 
3 4 1 2 5 
3 4 1 5 2 
3 4 2 1 5 
3 4 2 5 1 
3 4 5 1 2 
3 4 5 2 1 
3 5 1 2 4 
3 5 1 4 2 
3 5 2 1 4 
3 5 2 4 1 
3 5 4 1 2 
3 5 4 2 1 
4 1 2 3 5 
4 1 2 5 3 
4 1 3 2 5 
4 1 3 5 2 
4 1 5 2 3 
4 1 5 3 2 
4 2 1 3 5 
4 2 1 5 3 
4 2 3 1 5 
4 2 3 5 1 
4 2 5 1 3 
4 2 5 3 1 
4 3 1 2 5 
4 3 1 5 2 
4 3 2 1 5 
4 3 2 5 1 
4 3 5 1 2 
4 3 5 2 1 
4 5 1 2 3 
4 5 1 3 2 
4 5 2 1 3 
4 5 2 3 1 
4 5 3 1 2 
4 5 3 2 1 
5 1 2 3 4 
5 1 2 4 3 
5 1 3 2 4 
5 1 3 4 2 
5 1 4 2 3 
5 1 4 3 2 
5 2 1 3 4 
5 2 1 4 3 
5 2 3 1 4 
5 2 3 4 1 
5 2 4 1 3 
5 2 4 3 1 
5 3 1 2 4 
5 3 1 4 2 
5 3 2 1 4 
5 3 2 4 1 
5 3 4 1 2 
5 3 4 2 1 
5 4 1 2 3 
5 4 1 3 2 
5 4 2 1 3 
5 4 2 3 1 
5 4 3 1 2 
5 4 3 2 1 
6689502913449127057588118054090372586752746333138029810295671352301633557244962989366874165271984981308157637893214090552534408589408121859898481114389650005964960521256960000000000000000000000000000 : 6689502913449127057588118054090372586752746333138029810295671352301633557244962989366874165271984981308157637893214090552534408589408121859898481114389650005964960521256960000000000000000000000000000

